Expanded Polystyrene (EPS)_thickness(m)	mineral_wool_thickness(m)	Polyurethane (PUR)_thickness(m)	R(m²K/W)
0.050	0.050	0.050	4.817
0.050	0.050	0.056	5.040
0.050	0.050	0.061	5.262
0.050	0.050	0.067	5.484
0.050	0.050	0.072	5.706
0.050	0.050	0.078	5.929
0.050	0.050	0.083	6.151
0.050	0.050	0.089	6.373
0.050	0.050	0.094	6.595
0.050	0.050	0.100	6.817
0.050	0.056	0.050	4.972
0.050	0.056	0.056	5.194
0.050	0.056	0.061	5.416
0.050	0.056	0.067	5.638
0.050	0.056	0.072	5.861
0.050	0.056	0.078	6.083
0.050	0.056	0.083	6.305
0.050	0.056	0.089	6.527
0.050	0.056	0.094	6.750
0.050	0.056	0.100	6.972
0.050	0.061	0.050	5.126
0.050	0.061	0.056	5.348
0.050	0.061	0.061	5.571
0.050	0.061	0.067	5.793
0.050	0.061	0.072	6.015
0.050	0.061	0.078	6.237
0.050	0.061	0.083	6.459
0.050	0.061	0.089	6.682
0.050	0.061	0.094	6.904
0.050	0.061	0.100	7.126
0.050	0.067	0.050	5.280
0.050	0.067	0.056	5.503
0.050	0.067	0.061	5.725
0.050	0.067	0.067	5.947
0.050	0.067	0.072	6.169
0.050	0.067	0.078	6.392
0.050	0.067	0.083	6.614
0.050	0.067	0.089	6.836
0.050	0.067	0.094	7.058
0.050	0.067	0.100	7.280
0.050	0.072	0.050	5.435
0.050	0.072	0.056	5.657
0.050	0.072	0.061	5.879
0.050	0.072	0.067	6.101
0.050	0.072	0.072	6.324
0.050	0.072	0.078	6.546
0.050	0.072	0.083	6.768
0.050	0.072	0.089	6.990
0.050	0.072	0.094	7.213
0.050	0.072	0.100	7.435
0.050	0.078	0.050	5.589
0.050	0.078	0.056	5.811
0.050	0.078	0.061	6.034
0.050	0.078	0.067	6.256
0.050	0.078	0.072	6.478
0.050	0.078	0.078	6.700
0.050	0.078	0.083	6.922
0.050	0.078	0.089	7.145
0.050	0.078	0.094	7.367
0.050	0.078	0.100	7.589
0.050	0.083	0.050	5.743
0.050	0.083	0.056	5.966
0.050	0.083	0.061	6.188
0.050	0.083	0.067	6.410
0.050	0.083	0.072	6.632
0.050	0.083	0.078	6.854
0.050	0.083	0.083	7.077
0.050	0.083	0.089	7.299
0.050	0.083	0.094	7.521
0.050	0.083	0.100	7.743
0.050	0.089	0.050	5.898
0.050	0.089	0.056	6.120
0.050	0.089	0.061	6.342
0.050	0.089	0.067	6.564
0.050	0.089	0.072	6.787
0.050	0.089	0.078	7.009
0.050	0.089	0.083	7.231
0.050	0.089	0.089	7.453
0.050	0.089	0.094	7.675
0.050	0.089	0.100	7.898
0.050	0.094	0.050	6.052
0.050	0.094	0.056	6.274
0.050	0.094	0.061	6.496
0.050	0.094	0.067	6.719
0.050	0.094	0.072	6.941
0.050	0.094	0.078	7.163
0.050	0.094	0.083	7.385
0.050	0.094	0.089	7.608
0.050	0.094	0.094	7.830
0.050	0.094	0.100	8.052
0.050	0.100	0.050	6.206
0.050	0.100	0.056	6.429
0.050	0.100	0.061	6.651
0.050	0.100	0.067	6.873
0.050	0.100	0.072	7.095
0.050	0.100	0.078	7.317
0.050	0.100	0.083	7.540
0.050	0.100	0.089	7.762
0.050	0.100	0.094	7.984
0.050	0.100	0.100	8.206
0.067	0.050	0.050	5.294
0.067	0.050	0.056	5.516
0.067	0.050	0.061	5.738
0.067	0.050	0.067	5.960
0.067	0.050	0.072	6.183
0.067	0.050	0.078	6.405
0.067	0.050	0.083	6.627
0.067	0.050	0.089	6.849
0.067	0.050	0.094	7.071
0.067	0.050	0.100	7.294
0.067	0.056	0.050	5.448
0.067	0.056	0.056	5.670
0.067	0.056	0.061	5.892
0.067	0.056	0.067	6.115
0.067	0.056	0.072	6.337
0.067	0.056	0.078	6.559
0.067	0.056	0.083	6.781
0.067	0.056	0.089	7.004
0.067	0.056	0.094	7.226
0.067	0.056	0.100	7.448
0.067	0.061	0.050	5.602
0.067	0.061	0.056	5.825
0.067	0.061	0.061	6.047
0.067	0.061	0.067	6.269
0.067	0.061	0.072	6.491
0.067	0.061	0.078	6.713
0.067	0.061	0.083	6.936
0.067	0.061	0.089	7.158
0.067	0.061	0.094	7.380
0.067	0.061	0.100	7.602
0.067	0.067	0.050	5.757
0.067	0.067	0.056	5.979
0.067	0.067	0.061	6.201
0.067	0.067	0.067	6.423
0.067	0.067	0.072	6.646
0.067	0.067	0.078	6.868
0.067	0.067	0.083	7.090
0.067	0.067	0.089	7.312
0.067	0.067	0.094	7.534
0.067	0.067	0.100	7.757
0.067	0.072	0.050	5.911
0.067	0.072	0.056	6.133
0.067	0.072	0.061	6.355
0.067	0.072	0.067	6.578
0.067	0.072	0.072	6.800
0.067	0.072	0.078	7.022
0.067	0.072	0.083	7.244
0.067	0.072	0.089	7.466
0.067	0.072	0.094	7.689
0.067	0.072	0.100	7.911
0.067	0.078	0.050	6.065
0.067	0.078	0.056	6.287
0.067	0.078	0.061	6.510
0.067	0.078	0.067	6.732
0.067	0.078	0.072	6.954
0.067	0.078	0.078	7.176
0.067	0.078	0.083	7.399
0.067	0.078	0.089	7.621
0.067	0.078	0.094	7.843
0.067	0.078	0.100	8.065
0.067	0.083	0.050	6.220
0.067	0.083	0.056	6.442
0.067	0.083	0.061	6.664
0.067	0.083	0.067	6.886
0.067	0.083	0.072	7.108
0.067	0.083	0.078	7.331
0.067	0.083	0.083	7.553
0.067	0.083	0.089	7.775
0.067	0.083	0.094	7.997
0.067	0.083	0.100	8.220
0.067	0.089	0.050	6.374
0.067	0.089	0.056	6.596
0.067	0.089	0.061	6.818
0.067	0.089	0.067	7.041
0.067	0.089	0.072	7.263
0.067	0.089	0.078	7.485
0.067	0.089	0.083	7.707
0.067	0.089	0.089	7.929
0.067	0.089	0.094	8.152
0.067	0.089	0.100	8.374
0.067	0.094	0.050	6.528
0.067	0.094	0.056	6.750
0.067	0.094	0.061	6.973
0.067	0.094	0.067	7.195
0.067	0.094	0.072	7.417
0.067	0.094	0.078	7.639
0.067	0.094	0.083	7.862
0.067	0.094	0.089	8.084
0.067	0.094	0.094	8.306
0.067	0.094	0.100	8.528
0.067	0.100	0.050	6.683
0.067	0.100	0.056	6.905
0.067	0.100	0.061	7.127
0.067	0.100	0.067	7.349
0.067	0.100	0.072	7.571
0.067	0.100	0.078	7.794
0.067	0.100	0.083	8.016
0.067	0.100	0.089	8.238
0.067	0.100	0.094	8.460
0.067	0.100	0.100	8.683
0.083	0.050	0.050	5.770
0.083	0.050	0.056	5.992
0.083	0.050	0.061	6.214
0.083	0.050	0.067	6.437
0.083	0.050	0.072	6.659
0.083	0.050	0.078	6.881
0.083	0.050	0.083	7.103
0.083	0.050	0.089	7.325
0.083	0.050	0.094	7.548
0.083	0.050	0.100	7.770
0.083	0.056	0.050	5.924
0.083	0.056	0.056	6.146
0.083	0.056	0.061	6.369
0.083	0.056	0.067	6.591
0.083	0.056	0.072	6.813
0.083	0.056	0.078	7.035
0.083	0.056	0.083	7.257
0.083	0.056	0.089	7.480
0.083	0.056	0.094	7.702
0.083	0.056	0.100	7.924
0.083	0.061	0.050	6.078
0.083	0.061	0.056	6.301
0.083	0.061	0.061	6.523
0.083	0.061	0.067	6.745
0.083	0.061	0.072	6.967
0.083	0.061	0.078	7.190
0.083	0.061	0.083	7.412
0.083	0.061	0.089	7.634
0.083	0.061	0.094	7.856
0.083	0.061	0.100	8.078
0.083	0.067	0.050	6.233
0.083	0.067	0.056	6.455
0.083	0.067	0.061	6.677
0.083	0.067	0.067	6.899
0.083	0.067	0.072	7.122
0.083	0.067	0.078	7.344
0.083	0.067	0.083	7.566
0.083	0.067	0.089	7.788
0.083	0.067	0.094	8.011
0.083	0.067	0.100	8.233
0.083	0.072	0.050	6.387
0.083	0.072	0.056	6.609
0.083	0.072	0.061	6.832
0.083	0.072	0.067	7.054
0.083	0.072	0.072	7.276
0.083	0.072	0.078	7.498
0.083	0.072	0.083	7.720
0.083	0.072	0.089	7.943
0.083	0.072	0.094	8.165
0.083	0.072	0.100	8.387
0.083	0.078	0.050	6.541
0.083	0.078	0.056	6.764
0.083	0.078	0.061	6.986
0.083	0.078	0.067	7.208
0.083	0.078	0.072	7.430
0.083	0.078	0.078	7.653
0.083	0.078	0.083	7.875
0.083	0.078	0.089	8.097
0.083	0.078	0.094	8.319
0.083	0.078	0.100	8.541
0.083	0.083	0.050	6.696
0.083	0.083	0.056	6.918
0.083	0.083	0.061	7.140
0.083	0.083	0.067	7.362
0.083	0.083	0.072	7.585
0.083	0.083	0.078	7.807
0.083	0.083	0.083	8.029
0.083	0.083	0.089	8.251
0.083	0.083	0.094	8.474
0.083	0.083	0.100	8.696
0.083	0.089	0.050	6.850
0.083	0.089	0.056	7.072
0.083	0.089	0.061	7.295
0.083	0.089	0.067	7.517
0.083	0.089	0.072	7.739
0.083	0.089	0.078	7.961
0.083	0.089	0.083	8.183
0.083	0.089	0.089	8.406
0.083	0.089	0.094	8.628
0.083	0.089	0.100	8.850
0.083	0.094	0.050	7.004
0.083	0.094	0.056	7.227
0.083	0.094	0.061	7.449
0.083	0.094	0.067	7.671
0.083	0.094	0.072	7.893
0.083	0.094	0.078	8.116
0.083	0.094	0.083	8.338
0.083	0.094	0.089	8.560
0.083	0.094	0.094	8.782
0.083	0.094	0.100	9.004
0.083	0.100	0.050	7.159
0.083	0.100	0.056	7.381
0.083	0.100	0.061	7.603
0.083	0.100	0.067	7.825
0.083	0.100	0.072	8.048
0.083	0.100	0.078	8.270
0.083	0.100	0.083	8.492
0.083	0.100	0.089	8.714
0.083	0.100	0.094	8.937
0.083	0.100	0.100	9.159
0.100	0.050	0.050	6.246
0.100	0.050	0.056	6.468
0.100	0.050	0.061	6.690
0.100	0.050	0.067	6.913
0.100	0.050	0.072	7.135
0.100	0.050	0.078	7.357
0.100	0.050	0.083	7.579
0.100	0.050	0.089	7.802
0.100	0.050	0.094	8.024
0.100	0.050	0.100	8.246
0.100	0.056	0.050	6.400
0.100	0.056	0.056	6.623
0.100	0.056	0.061	6.845
0.100	0.056	0.067	7.067
0.100	0.056	0.072	7.289
0.100	0.056	0.078	7.511
0.100	0.056	0.083	7.734
0.100	0.056	0.089	7.956
0.100	0.056	0.094	8.178
0.100	0.056	0.100	8.400
0.100	0.061	0.050	6.555
0.100	0.061	0.056	6.777
0.100	0.061	0.061	6.999
0.100	0.061	0.067	7.221
0.100	0.061	0.072	7.444
0.100	0.061	0.078	7.666
0.100	0.061	0.083	7.888
0.100	0.061	0.089	8.110
0.100	0.061	0.094	8.332
0.100	0.061	0.100	8.555
0.100	0.067	0.050	6.709
0.100	0.067	0.056	6.931
0.100	0.067	0.061	7.153
0.100	0.067	0.067	7.376
0.100	0.067	0.072	7.598
0.100	0.067	0.078	7.820
0.100	0.067	0.083	8.042
0.100	0.067	0.089	8.265
0.100	0.067	0.094	8.487
0.100	0.067	0.100	8.709
0.100	0.072	0.050	6.863
0.100	0.072	0.056	7.086
0.100	0.072	0.061	7.308
0.100	0.072	0.067	7.530
0.100	0.072	0.072	7.752
0.100	0.072	0.078	7.974
0.100	0.072	0.083	8.197
0.100	0.072	0.089	8.419
0.100	0.072	0.094	8.641
0.100	0.072	0.100	8.863
0.100	0.078	0.050	7.018
0.100	0.078	0.056	7.240
0.100	0.078	0.061	7.462
0.100	0.078	0.067	7.684
0.100	0.078	0.072	7.907
0.100	0.078	0.078	8.129
0.100	0.078	0.083	8.351
0.100	0.078	0.089	8.573
0.100	0.078	0.094	8.795
0.100	0.078	0.100	9.018
0.100	0.083	0.050	7.172
0.100	0.083	0.056	7.394
0.100	0.083	0.061	7.616
0.100	0.083	0.067	7.839
0.100	0.083	0.072	8.061
0.100	0.083	0.078	8.283
0.100	0.083	0.083	8.505
0.100	0.083	0.089	8.728
0.100	0.083	0.094	8.950
0.100	0.083	0.100	9.172
0.100	0.089	0.050	7.326
0.100	0.089	0.056	7.549
0.100	0.089	0.061	7.771
0.100	0.089	0.067	7.993
0.100	0.089	0.072	8.215
0.100	0.089	0.078	8.437
0.100	0.089	0.083	8.660
0.100	0.089	0.089	8.882
0.100	0.089	0.094	9.104
0.100	0.089	0.100	9.326
0.100	0.094	0.050	7.481
0.100	0.094	0.056	7.703
0.100	0.094	0.061	7.925
0.100	0.094	0.067	8.147
0.100	0.094	0.072	8.369
0.100	0.094	0.078	8.592
0.100	0.094	0.083	8.814
0.100	0.094	0.089	9.036
0.100	0.094	0.094	9.258
0.100	0.094	0.100	9.481
0.100	0.100	0.050	7.635
0.100	0.100	0.056	7.857
0.100	0.100	0.061	8.079
0.100	0.100	0.067	8.302
0.100	0.100	0.072	8.524
0.100	0.100	0.078	8.746
0.100	0.100	0.083	8.968
0.100	0.100	0.089	9.190
0.100	0.100	0.094	9.413
0.100	0.100	0.100	9.635
0.117	0.050	0.050	6.722
0.117	0.050	0.056	6.944
0.117	0.050	0.061	7.167
0.117	0.050	0.067	7.389
0.117	0.050	0.072	7.611
0.117	0.050	0.078	7.833
0.117	0.050	0.083	8.056
0.117	0.050	0.089	8.278
0.117	0.050	0.094	8.500
0.117	0.050	0.100	8.722
0.117	0.056	0.050	6.877
0.117	0.056	0.056	7.099
0.117	0.056	0.061	7.321
0.117	0.056	0.067	7.543
0.117	0.056	0.072	7.765
0.117	0.056	0.078	7.988
0.117	0.056	0.083	8.210
0.117	0.056	0.089	8.432
0.117	0.056	0.094	8.654
0.117	0.056	0.100	8.877
0.117	0.061	0.050	7.031
0.117	0.061	0.056	7.253
0.117	0.061	0.061	7.475
0.117	0.061	0.067	7.698
0.117	0.061	0.072	7.920
0.117	0.061	0.078	8.142
0.117	0.061	0.083	8.364
0.117	0.061	0.089	8.586
0.117	0.061	0.094	8.809
0.117	0.061	0.100	9.031
0.117	0.067	0.050	7.185
0.117	0.067	0.056	7.407
0.117	0.067	0.061	7.630
0.117	0.067	0.067	7.852
0.117	0.067	0.072	8.074
0.117	0.067	0.078	8.296
0.117	0.067	0.083	8.519
0.117	0.067	0.089	8.741
0.117	0.067	0.094	8.963
0.117	0.067	0.100	9.185
0.117	0.072	0.050	7.340
0.117	0.072	0.056	7.562
0.117	0.072	0.061	7.784
0.117	0.072	0.067	8.006
0.117	0.072	0.072	8.228
0.117	0.072	0.078	8.451
0.117	0.072	0.083	8.673
0.117	0.072	0.089	8.895
0.117	0.072	0.094	9.117
0.117	0.072	0.100	9.340
0.117	0.078	0.050	7.494
0.117	0.078	0.056	7.716
0.117	0.078	0.061	7.938
0.117	0.078	0.067	8.160
0.117	0.078	0.072	8.383
0.117	0.078	0.078	8.605
0.117	0.078	0.083	8.827
0.117	0.078	0.089	9.049
0.117	0.078	0.094	9.272
0.117	0.078	0.100	9.494
0.117	0.083	0.050	7.648
0.117	0.083	0.056	7.870
0.117	0.083	0.061	8.093
0.117	0.083	0.067	8.315
0.117	0.083	0.072	8.537
0.117	0.083	0.078	8.759
0.117	0.083	0.083	8.981
0.117	0.083	0.089	9.204
0.117	0.083	0.094	9.426
0.117	0.083	0.100	9.648
0.117	0.089	0.050	7.802
0.117	0.089	0.056	8.025
0.117	0.089	0.061	8.247
0.117	0.089	0.067	8.469
0.117	0.089	0.072	8.691
0.117	0.089	0.078	8.914
0.117	0.089	0.083	9.136
0.117	0.089	0.089	9.358
0.117	0.089	0.094	9.580
0.117	0.089	0.100	9.802
0.117	0.094	0.050	7.957
0.117	0.094	0.056	8.179
0.117	0.094	0.061	8.401
0.117	0.094	0.067	8.623
0.117	0.094	0.072	8.846
0.117	0.094	0.078	9.068
0.117	0.094	0.083	9.290
0.117	0.094	0.089	9.512
0.117	0.094	0.094	9.735
0.117	0.094	0.100	9.957
0.117	0.100	0.050	8.111
0.117	0.100	0.056	8.333
0.117	0.100	0.061	8.556
0.117	0.100	0.067	8.778
0.117	0.100	0.072	9.000
0.117	0.100	0.078	9.222
0.117	0.100	0.083	9.444
0.117	0.100	0.089	9.667
0.117	0.100	0.094	9.889
0.117	0.100	0.100	10.111
0.133	0.050	0.050	7.198
0.133	0.050	0.056	7.421
0.133	0.050	0.061	7.643
0.133	0.050	0.067	7.865
0.133	0.050	0.072	8.087
0.133	0.050	0.078	8.310
0.133	0.050	0.083	8.532
0.133	0.050	0.089	8.754
0.133	0.050	0.094	8.976
0.133	0.050	0.100	9.198
0.133	0.056	0.050	7.353
0.133	0.056	0.056	7.575
0.133	0.056	0.061	7.797
0.133	0.056	0.067	8.019
0.133	0.056	0.072	8.242
0.133	0.056	0.078	8.464
0.133	0.056	0.083	8.686
0.133	0.056	0.089	8.908
0.133	0.056	0.094	9.131
0.133	0.056	0.100	9.353
0.133	0.061	0.050	7.507
0.133	0.061	0.056	7.729
0.133	0.061	0.061	7.951
0.133	0.061	0.067	8.174
0.133	0.061	0.072	8.396
0.133	0.061	0.078	8.618
0.133	0.061	0.083	8.840
0.133	0.061	0.089	9.063
0.133	0.061	0.094	9.285
0.133	0.061	0.100	9.507
0.133	0.067	0.050	7.661
0.133	0.067	0.056	7.884
0.133	0.067	0.061	8.106
0.133	0.067	0.067	8.328
0.133	0.067	0.072	8.550
0.133	0.067	0.078	8.772
0.133	0.067	0.083	8.995
0.133	0.067	0.089	9.217
0.133	0.067	0.094	9.439
0.133	0.067	0.100	9.661
0.133	0.072	0.050	7.816
0.133	0.072	0.056	8.038
0.133	0.072	0.061	8.260
0.133	0.072	0.067	8.482
0.133	0.072	0.072	8.705
0.133	0.072	0.078	8.927
0.133	0.072	0.083	9.149
0.133	0.072	0.089	9.371
0.133	0.072	0.094	9.593
0.133	0.072	0.100	9.816
0.133	0.078	0.050	7.970
0.133	0.078	0.056	8.192
0.133	0.078	0.061	8.414
0.133	0.078	0.067	8.637
0.133	0.078	0.072	8.859
0.133	0.078	0.078	9.081
0.133	0.078	0.083	9.303
0.133	0.078	0.089	9.526
0.133	0.078	0.094	9.748
0.133	0.078	0.100	9.970
0.133	0.083	0.050	8.124
0.133	0.083	0.056	8.347
0.133	0.083	0.061	8.569
0.133	0.083	0.067	8.791
0.133	0.083	0.072	9.013
0.133	0.083	0.078	9.235
0.133	0.083	0.083	9.458
0.133	0.083	0.089	9.680
0.133	0.083	0.094	9.902
0.133	0.083	0.100	10.124
0.133	0.089	0.050	8.279
0.133	0.089	0.056	8.501
0.133	0.089	0.061	8.723
0.133	0.089	0.067	8.945
0.133	0.089	0.072	9.168
0.133	0.089	0.078	9.390
0.133	0.089	0.083	9.612
0.133	0.089	0.089	9.834
0.133	0.089	0.094	10.056
0.133	0.089	0.100	10.279
0.133	0.094	0.050	8.433
0.133	0.094	0.056	8.655
0.133	0.094	0.061	8.877
0.133	0.094	0.067	9.100
0.133	0.094	0.072	9.322
0.133	0.094	0.078	9.544
0.133	0.094	0.083	9.766
0.133	0.094	0.089	9.989
0.133	0.094	0.094	10.211
0.133	0.094	0.100	10.433
0.133	0.100	0.050	8.587
0.133	0.100	0.056	8.810
0.133	0.100	0.061	9.032
0.133	0.100	0.067	9.254
0.133	0.100	0.072	9.476
0.133	0.100	0.078	9.698
0.133	0.100	0.083	9.921
0.133	0.100	0.089	10.143
0.133	0.100	0.094	10.365
0.133	0.100	0.100	10.587
0.150	0.050	0.050	7.675
0.150	0.050	0.056	7.897
0.150	0.050	0.061	8.119
0.150	0.050	0.067	8.341
0.150	0.050	0.072	8.563
0.150	0.050	0.078	8.786
0.150	0.050	0.083	9.008
0.150	0.050	0.089	9.230
0.150	0.050	0.094	9.452
0.150	0.050	0.100	9.675
0.150	0.056	0.050	7.829
0.150	0.056	0.056	8.051
0.150	0.056	0.061	8.273
0.150	0.056	0.067	8.496
0.150	0.056	0.072	8.718
0.150	0.056	0.078	8.940
0.150	0.056	0.083	9.162
0.150	0.056	0.089	9.384
0.150	0.056	0.094	9.607
0.150	0.056	0.100	9.829
0.150	0.061	0.050	7.983
0.150	0.061	0.056	8.205
0.150	0.061	0.061	8.428
0.150	0.061	0.067	8.650
0.150	0.061	0.072	8.872
0.150	0.061	0.078	9.094
0.150	0.061	0.083	9.317
0.150	0.061	0.089	9.539
0.150	0.061	0.094	9.761
0.150	0.061	0.100	9.983
0.150	0.067	0.050	8.138
0.150	0.067	0.056	8.360
0.150	0.067	0.061	8.582
0.150	0.067	0.067	8.804
0.150	0.067	0.072	9.026
0.150	0.067	0.078	9.249
0.150	0.067	0.083	9.471
0.150	0.067	0.089	9.693
0.150	0.067	0.094	9.915
0.150	0.067	0.100	10.138
0.150	0.072	0.050	8.292
0.150	0.072	0.056	8.514
0.150	0.072	0.061	8.736
0.150	0.072	0.067	8.959
0.150	0.072	0.072	9.181
0.150	0.072	0.078	9.403
0.150	0.072	0.083	9.625
0.150	0.072	0.089	9.847
0.150	0.072	0.094	10.070
0.150	0.072	0.100	10.292
0.150	0.078	0.050	8.446
0.150	0.078	0.056	8.668
0.150	0.078	0.061	8.891
0.150	0.078	0.067	9.113
0.150	0.078	0.072	9.335
0.150	0.078	0.078	9.557
0.150	0.078	0.083	9.780
0.150	0.078	0.089	10.002
0.150	0.078	0.094	10.224
0.150	0.078	0.100	10.446
0.150	0.083	0.050	8.601
0.150	0.083	0.056	8.823
0.150	0.083	0.061	9.045
0.150	0.083	0.067	9.267
0.150	0.083	0.072	9.489
0.150	0.083	0.078	9.712
0.150	0.083	0.083	9.934
0.150	0.083	0.089	10.156
0.150	0.083	0.094	10.378
0.150	0.083	0.100	10.601
0.150	0.089	0.050	8.755
0.150	0.089	0.056	8.977
0.150	0.089	0.061	9.199
0.150	0.089	0.067	9.422
0.150	0.089	0.072	9.644
0.150	0.089	0.078	9.866
0.150	0.089	0.083	10.088
0.150	0.089	0.089	10.310
0.150	0.089	0.094	10.533
0.150	0.089	0.100	10.755
0.150	0.094	0.050	8.909
0.150	0.094	0.056	9.131
0.150	0.094	0.061	9.354
0.150	0.094	0.067	9.576
0.150	0.094	0.072	9.798
0.150	0.094	0.078	10.020
0.150	0.094	0.083	10.243
0.150	0.094	0.089	10.465
0.150	0.094	0.094	10.687
0.150	0.094	0.100	10.909
0.150	0.100	0.050	9.063
0.150	0.100	0.056	9.286
0.150	0.100	0.061	9.508
0.150	0.100	0.067	9.730
0.150	0.100	0.072	9.952
0.150	0.100	0.078	10.175
0.150	0.100	0.083	10.397
0.150	0.100	0.089	10.619
0.150	0.100	0.094	10.841
0.150	0.100	0.100	11.063
0.167	0.050	0.050	8.151
0.167	0.050	0.056	8.373
0.167	0.050	0.061	8.595
0.167	0.050	0.067	8.817
0.167	0.050	0.072	9.040
0.167	0.050	0.078	9.262
0.167	0.050	0.083	9.484
0.167	0.050	0.089	9.706
0.167	0.050	0.094	9.929
0.167	0.050	0.100	10.151
0.167	0.056	0.050	8.305
0.167	0.056	0.056	8.527
0.167	0.056	0.061	8.750
0.167	0.056	0.067	8.972
0.167	0.056	0.072	9.194
0.167	0.056	0.078	9.416
0.167	0.056	0.083	9.638
0.167	0.056	0.089	9.861
0.167	0.056	0.094	10.083
0.167	0.056	0.100	10.305
0.167	0.061	0.050	8.459
0.167	0.061	0.056	8.682
0.167	0.061	0.061	8.904
0.167	0.061	0.067	9.126
0.167	0.061	0.072	9.348
0.167	0.061	0.078	9.571
0.167	0.061	0.083	9.793
0.167	0.061	0.089	10.015
0.167	0.061	0.094	10.237
0.167	0.061	0.100	10.459
0.167	0.067	0.050	8.614
0.167	0.067	0.056	8.836
0.167	0.067	0.061	9.058
0.167	0.067	0.067	9.280
0.167	0.067	0.072	9.503
0.167	0.067	0.078	9.725
0.167	0.067	0.083	9.947
0.167	0.067	0.089	10.169
0.167	0.067	0.094	10.392
0.167	0.067	0.100	10.614
0.167	0.072	0.050	8.768
0.167	0.072	0.056	8.990
0.167	0.072	0.061	9.213
0.167	0.072	0.067	9.435
0.167	0.072	0.072	9.657
0.167	0.072	0.078	9.879
0.167	0.072	0.083	10.101
0.167	0.072	0.089	10.324
0.167	0.072	0.094	10.546
0.167	0.072	0.100	10.768
0.167	0.078	0.050	8.922
0.167	0.078	0.056	9.145
0.167	0.078	0.061	9.367
0.167	0.078	0.067	9.589
0.167	0.078	0.072	9.811
0.167	0.078	0.078	10.034
0.167	0.078	0.083	10.256
0.167	0.078	0.089	10.478
0.167	0.078	0.094	10.700
0.167	0.078	0.100	10.922
0.167	0.083	0.050	9.077
0.167	0.083	0.056	9.299
0.167	0.083	0.061	9.521
0.167	0.083	0.067	9.743
0.167	0.083	0.072	9.966
0.167	0.083	0.078	10.188
0.167	0.083	0.083	10.410
0.167	0.083	0.089	10.632
0.167	0.083	0.094	10.854
0.167	0.083	0.100	11.077
0.167	0.089	0.050	9.231
0.167	0.089	0.056	9.453
0.167	0.089	0.061	9.675
0.167	0.089	0.067	9.898
0.167	0.089	0.072	10.120
0.167	0.089	0.078	10.342
0.167	0.089	0.083	10.564
0.167	0.089	0.089	10.787
0.167	0.089	0.094	11.009
0.167	0.089	0.100	11.231
0.167	0.094	0.050	9.385
0.167	0.094	0.056	9.608
0.167	0.094	0.061	9.830
0.167	0.094	0.067	10.052
0.167	0.094	0.072	10.274
0.167	0.094	0.078	10.496
0.167	0.094	0.083	10.719
0.167	0.094	0.089	10.941
0.167	0.094	0.094	11.163
0.167	0.094	0.100	11.385
0.167	0.100	0.050	9.540
0.167	0.100	0.056	9.762
0.167	0.100	0.061	9.984
0.167	0.100	0.067	10.206
0.167	0.100	0.072	10.429
0.167	0.100	0.078	10.651
0.167	0.100	0.083	10.873
0.167	0.100	0.089	11.095
0.167	0.100	0.094	11.317
0.167	0.100	0.100	11.540
0.183	0.050	0.050	8.627
0.183	0.050	0.056	8.849
0.183	0.050	0.061	9.071
0.183	0.050	0.067	9.294
0.183	0.050	0.072	9.516
0.183	0.050	0.078	9.738
0.183	0.050	0.083	9.960
0.183	0.050	0.089	10.183
0.183	0.050	0.094	10.405
0.183	0.050	0.100	10.627
0.183	0.056	0.050	8.781
0.183	0.056	0.056	9.004
0.183	0.056	0.061	9.226
0.183	0.056	0.067	9.448
0.183	0.056	0.072	9.670
0.183	0.056	0.078	9.892
0.183	0.056	0.083	10.115
0.183	0.056	0.089	10.337
0.183	0.056	0.094	10.559
0.183	0.056	0.100	10.781
0.183	0.061	0.050	8.936
0.183	0.061	0.056	9.158
0.183	0.061	0.061	9.380
0.183	0.061	0.067	9.602
0.183	0.061	0.072	9.825
0.183	0.061	0.078	10.047
0.183	0.061	0.083	10.269
0.183	0.061	0.089	10.491
0.183	0.061	0.094	10.713
0.183	0.061	0.100	10.936
0.183	0.067	0.050	9.090
0.183	0.067	0.056	9.312
0.183	0.067	0.061	9.534
0.183	0.067	0.067	9.757
0.183	0.067	0.072	9.979
0.183	0.067	0.078	10.201
0.183	0.067	0.083	10.423
0.183	0.067	0.089	10.646
0.183	0.067	0.094	10.868
0.183	0.067	0.100	11.090
0.183	0.072	0.050	9.244
0.183	0.072	0.056	9.466
0.183	0.072	0.061	9.689
0.183	0.072	0.067	9.911
0.183	0.072	0.072	10.133
0.183	0.072	0.078	10.355
0.183	0.072	0.083	10.578
0.183	0.072	0.089	10.800
0.183	0.072	0.094	11.022
0.183	0.072	0.100	11.244
0.183	0.078	0.050	9.399
0.183	0.078	0.056	9.621
0.183	0.078	0.061	9.843
0.183	0.078	0.067	10.065
0.183	0.078	0.072	10.287
0.183	0.078	0.078	10.510
0.183	0.078	0.083	10.732
0.183	0.078	0.089	10.954
0.183	0.078	0.094	11.176
0.183	0.078	0.100	11.399
0.183	0.083	0.050	9.553
0.183	0.083	0.056	9.775
0.183	0.083	0.061	9.997
0.183	0.083	0.067	10.220
0.183	0.083	0.072	10.442
0.183	0.083	0.078	10.664
0.183	0.083	0.083	10.886
0.183	0.083	0.089	11.108
0.183	0.083	0.094	11.331
0.183	0.083	0.100	11.553
0.183	0.089	0.050	9.707
0.183	0.089	0.056	9.929
0.183	0.089	0.061	10.152
0.183	0.089	0.067	10.374
0.183	0.089	0.072	10.596
0.183	0.089	0.078	10.818
0.183	0.089	0.083	11.041
0.183	0.089	0.089	11.263
0.183	0.089	0.094	11.485
0.183	0.089	0.100	11.707
0.183	0.094	0.050	9.862
0.183	0.094	0.056	10.084
0.183	0.094	0.061	10.306
0.183	0.094	0.067	10.528
0.183	0.094	0.072	10.750
0.183	0.094	0.078	10.973
0.183	0.094	0.083	11.195
0.183	0.094	0.089	11.417
0.183	0.094	0.094	11.639
0.183	0.094	0.100	11.862
0.183	0.100	0.050	10.016
0.183	0.100	0.056	10.238
0.183	0.100	0.061	10.460
0.183	0.100	0.067	10.683
0.183	0.100	0.072	10.905
0.183	0.100	0.078	11.127
0.183	0.100	0.083	11.349
0.183	0.100	0.089	11.571
0.183	0.100	0.094	11.794
0.183	0.100	0.100	12.016
0.200	0.050	0.050	9.103
0.200	0.050	0.056	9.325
0.200	0.050	0.061	9.548
0.200	0.050	0.067	9.770
0.200	0.050	0.072	9.992
0.200	0.050	0.078	10.214
0.200	0.050	0.083	10.437
0.200	0.050	0.089	10.659
0.200	0.050	0.094	10.881
0.200	0.050	0.100	11.103
0.200	0.056	0.050	9.257
0.200	0.056	0.056	9.480
0.200	0.056	0.061	9.702
0.200	0.056	0.067	9.924
0.200	0.056	0.072	10.146
0.200	0.056	0.078	10.369
0.200	0.056	0.083	10.591
0.200	0.056	0.089	10.813
0.200	0.056	0.094	11.035
0.200	0.056	0.100	11.257
0.200	0.061	0.050	9.412
0.200	0.061	0.056	9.634
0.200	0.061	0.061	9.856
0.200	0.061	0.067	10.078
0.200	0.061	0.072	10.301
0.200	0.061	0.078	10.523
0.200	0.061	0.083	10.745
0.200	0.061	0.089	10.967
0.200	0.061	0.094	11.190
0.200	0.061	0.100	11.412
0.200	0.067	0.050	9.566
0.200	0.067	0.056	9.788
0.200	0.067	0.061	10.011
0.200	0.067	0.067	10.233
0.200	0.067	0.072	10.455
0.200	0.067	0.078	10.677
0.200	0.067	0.083	10.899
0.200	0.067	0.089	11.122
0.200	0.067	0.094	11.344
0.200	0.067	0.100	11.566
0.200	0.072	0.050	9.720
0.200	0.072	0.056	9.943
0.200	0.072	0.061	10.165
0.200	0.072	0.067	10.387
0.200	0.072	0.072	10.609
0.200	0.072	0.078	10.832
0.200	0.072	0.083	11.054
0.200	0.072	0.089	11.276
0.200	0.072	0.094	11.498
0.200	0.072	0.100	11.720
0.200	0.078	0.050	9.875
0.200	0.078	0.056	10.097
0.200	0.078	0.061	10.319
0.200	0.078	0.067	10.541
0.200	0.078	0.072	10.764
0.200	0.078	0.078	10.986
0.200	0.078	0.083	11.208
0.200	0.078	0.089	11.430
0.200	0.078	0.094	11.653
0.200	0.078	0.100	11.875
0.200	0.083	0.050	10.029
0.200	0.083	0.056	10.251
0.200	0.083	0.061	10.474
0.200	0.083	0.067	10.696
0.200	0.083	0.072	10.918
0.200	0.083	0.078	11.140
0.200	0.083	0.083	11.362
0.200	0.083	0.089	11.585
0.200	0.083	0.094	11.807
0.200	0.083	0.100	12.029
0.200	0.089	0.050	10.183
0.200	0.089	0.056	10.406
0.200	0.089	0.061	10.628
0.200	0.089	0.067	10.850
0.200	0.089	0.072	11.072
0.200	0.089	0.078	11.295
0.200	0.089	0.083	11.517
0.200	0.089	0.089	11.739
0.200	0.089	0.094	11.961
0.200	0.089	0.100	12.183
0.200	0.094	0.050	10.338
0.200	0.094	0.056	10.560
0.200	0.094	0.061	10.782
0.200	0.094	0.067	11.004
0.200	0.094	0.072	11.227
0.200	0.094	0.078	11.449
0.200	0.094	0.083	11.671
0.200	0.094	0.089	11.893
0.200	0.094	0.094	12.116
0.200	0.094	0.100	12.338
0.200	0.100	0.050	10.492
0.200	0.100	0.056	10.714
0.200	0.100	0.061	10.937
0.200	0.100	0.067	11.159
0.200	0.100	0.072	11.381
0.200	0.100	0.078	11.603
0.200	0.100	0.083	11.825
0.200	0.100	0.089	12.048
0.200	0.100	0.094	12.270
0.200	0.100	0.100	12.492
